"n1" "eventr" "CoxTPR" "CoxTNR" "LogitTPR" "LogitTNR" "TCoxTPR" "TCoxTNR"
26528 0.264286791314837 0.73 1 0.68 1 0.72 1
27051 0.175076706960926 0.73 1 0.7 1 0.74 1
26787 0.23660730951581 0.78 1 0.72 1 0.77 1
27237 0.143187575724199 0.66 1 0.63 1 0.66 1
27186 0.155410873243581 0.63 1 0.59 1 0.63 1
26774 0.22155822813177 0.71 1 0.69 1 0.71 1
26394 0.29999242252027 0.78 1 0.71 1 0.75 1
25622 0.382444774022325 0.79 0.999966555183947 0.74 1 0.79 0.999966555183947
25804 0.350100759572159 0.76 1 0.74 1 0.76 1
26616 0.246092575894199 0.69 1 0.68 1 0.69 1
27283 0.151926107832716 0.7 1 0.66 1 0.7 1
25782 0.360096191141106 0.77 1 0.72 1 0.77 1
26818 0.23417107912596 0.75 1 0.73 1 0.75 1
27179 0.134515618676184 0.68 1 0.67 1 0.68 1
27140 0.180803242446573 0.76 1 0.72 1 0.76 1
26669 0.248415763620683 0.73 1 0.71 1 0.73 1
26282 0.307054257666844 0.73 1 0.71 1 0.74 1
27367 0.0958819015602733 0.56 1 0.53 1 0.56 1
24916 0.427717129555306 0.71 1 0.68 1 0.69 1
27144 0.168950781019747 0.75 1 0.72 1 0.75 1
26627 0.265369737484508 0.76 1 0.69 1 0.76 1
26141 0.317776672659806 0.73 1 0.7 1 0.73 1
26656 0.240546218487395 0.71 1 0.68 1 0.71 1
23291 0.527156412348117 0.79 1 0.72 1 0.78 1
26371 0.308293200864586 0.82 1 0.79 1 0.82 1
26502 0.281865519583428 0.76 1 0.7 1 0.76 1
26188 0.314953413777303 0.72 1 0.66 1 0.72 1
24987 0.437107295793813 0.83 1 0.77 1 0.83 1
26653 0.271001388211458 0.73 1 0.69 1 0.74 1
24270 0.472105480016481 0.83 1 0.72 1 0.82 1
26579 0.248316339967644 0.78 0.999966555183947 0.72 0.999966555183947 0.78 1
26685 0.239347948285554 0.75 1 0.75 1 0.75 1
24171 0.488726159447272 0.81 1 0.71 1 0.81 1
26049 0.335521517140773 0.79 1 0.73 1 0.78 1
26748 0.232578136683116 0.69 1 0.68 1 0.69 1
26805 0.220070882298079 0.7 1 0.69 1 0.71 1
25367 0.393227421453069 0.8 0.999966555183947 0.71 1 0.79 0.999966555183947
25104 0.419216061185468 0.81 1 0.73 1 0.8 1
25802 0.348693899697698 0.7 1 0.69 1 0.7 1
26517 0.284459026285025 0.72 1 0.71 1 0.73 1
26054 0.327819144852998 0.76 1 0.71 1 0.76 1
25389 0.396273976919138 0.82 1 0.74 1 0.82 1
26635 0.268293598648395 0.71 1 0.68 1 0.71 1
27397 0.0982589334598679 0.57 1 0.51 1 0.57 1
26597 0.260518103545513 0.72 1 0.68 1 0.71 1
26339 0.295341508789248 0.75 1 0.71 1 0.75 1
26323 0.307639706720359 0.81 1 0.79 1 0.81 1
24538 0.456720189094466 0.84 1 0.74 1 0.84 1
26544 0.277614526823388 0.73 0.999966555183947 0.7 1 0.73 0.999966555183947
26836 0.215941272916977 0.71 1 0.68 1 0.71 1
27310 0.106261442694984 0.61 1 0.58 1 0.6 1
26669 0.247965802992238 0.67 1 0.63 1 0.68 1
26142 0.307092035804453 0.78 1 0.75 1 0.78 1
26882 0.228517223420876 0.79 1 0.75 1 0.8 1
26303 0.310040679770368 0.75 1 0.71 1 0.75 1
25540 0.378778386844166 0.76 1 0.73 1 0.76 1
26719 0.244956772334294 0.65 1 0.62 1 0.65 1
26248 0.30284212130448 0.77 1 0.75 1 0.77 1
26397 0.28866916695079 0.8 1 0.77 1 0.8 1
25196 0.414272106683601 0.79 1 0.76 1 0.79 1
27150 0.181252302025783 0.71 1 0.68 1 0.71 1
25202 0.40361876041584 0.75 0.999966555183947 0.73 1 0.75 0.999966555183947
26939 0.207654330153309 0.7 1 0.67 1 0.7 1
27038 0.187291959464457 0.69 1 0.66 1 0.69 1
26195 0.314602023286887 0.8 1 0.75 1 0.8 1
26661 0.244476951352162 0.73 1 0.7 0.999966555183947 0.73 1
26060 0.324750575594781 0.82 1 0.79 1 0.81 1
27004 0.195008146941194 0.77 1 0.72 1 0.77 1
26864 0.223570577724836 0.7 1 0.68 1 0.7 1
26477 0.281111908448842 0.79 1 0.78 1 0.79 1
27069 0.178543721600355 0.7 1 0.7 1 0.7 1
27171 0.156011924478304 0.71 1 0.7 1 0.71 1
26760 0.237406576980568 0.8 1 0.73 1 0.8 1
25254 0.405401124574325 0.81 1 0.74 1 0.81 1
27138 0.142530768663866 0.65 1 0.63 1 0.65 1
27395 0.0849790107683884 0.55 1 0.53 1 0.55 1
26663 0.253384840415557 0.76 1 0.74 1 0.76 1
26793 0.225357369462173 0.66 1 0.65 1 0.66 1
25062 0.41608810150826 0.76 1 0.73 1 0.76 1
25989 0.331755742814268 0.78 1 0.75 1 0.78 1
25165 0.406238823763163 0.82 0.999966555183947 0.76 1 0.81 0.999966555183947
25508 0.377450211698291 0.76 1 0.75 1 0.76 1
26557 0.257596867116015 0.7 1 0.69 1 0.7 1
24818 0.441050850189379 0.77 1 0.71 1 0.76 1
25922 0.348661368721549 0.69 1 0.67 1 0.69 1
26083 0.326994594180117 0.81 1 0.74 1 0.81 1
26902 0.218533937997175 0.7 1 0.69 1 0.69 1
25779 0.364249970906552 0.81 0.999933110367893 0.73 1 0.81 0.999933110367893
25836 0.343667750425762 0.76 1 0.7 1 0.76 1
26302 0.300623526728005 0.75 1 0.7 1 0.75 1
27236 0.138823615802614 0.67 1 0.63 0.999966555183947 0.66 1
25338 0.408358986502486 0.73 1 0.67 1 0.72 1
26556 0.25873625546016 0.77 1 0.76 1 0.77 1
26779 0.238993240972404 0.72 0.999966555183947 0.68 1 0.72 1
24965 0.424714600440617 0.77 1 0.71 1 0.77 1
25762 0.356028258675569 0.81 1 0.78 1 0.81 1
25711 0.364902181945471 0.72 1 0.7 1 0.71 0.999966555183947
26938 0.199383770138837 0.77 1 0.74 1 0.77 1
25974 0.335989835989836 0.69 1 0.66 1 0.69 1
22639 0.557665974645523 0.78 1 0.71 1 0.78 1
26836 0.228014607244001 0.74 1 0.71 1 0.74 1
26557 0.276763188613172 0.78 1 0.72 1 0.78 1
25961 0.343977504718616 0.76 1 0.75 1 0.75 1
25961 0.344786410384808 0.81 1 0.75 1 0.8 1
26448 0.286411070780399 0.75 1 0.69 1 0.76 1
25743 0.360680573359748 0.79 1 0.73 1 0.78 1
27096 0.175930026572188 0.62 1 0.62 1 0.62 1
25830 0.365776229190863 0.87 1 0.8 1 0.88 1
25627 0.370390603660202 0.77 1 0.68 1 0.75 1
27043 0.186332877269534 0.69 1 0.67 1 0.69 1
25977 0.335989529198907 0.8 1 0.74 1 0.8 1
26207 0.31438165375663 0.74 1 0.7 1 0.74 1
26446 0.279361718218256 0.78 1 0.74 1 0.78 1
25930 0.345545699961435 0.76 1 0.71 1 0.75 1
26632 0.236219585461099 0.75 1 0.74 1 0.75 1
26822 0.231824621579301 0.73 1 0.71 1 0.73 0.999966555183947
24616 0.445035749106272 0.73 1 0.7 1 0.74 1
27174 0.166924265842349 0.69 1 0.67 1 0.69 1
26914 0.209296277030542 0.74 1 0.69 1 0.74 1
25979 0.347280495785057 0.77 1 0.74 1 0.77 1
25971 0.334835008278464 0.76 1 0.69 1 0.77 1
26913 0.198491435365808 0.73 1 0.68 1 0.73 1
26794 0.234866014779428 0.78 1 0.76 1 0.77 1
25938 0.353843781324697 0.77 1 0.72 1 0.76 1
23665 0.51105007394887 0.77 1 0.68 1 0.77 1
25354 0.391299203281534 0.75 1 0.71 1 0.75 1
25167 0.409981324750666 0.76 0.999966555183947 0.67 1 0.76 0.999966555183947
26373 0.282334205437379 0.76 1 0.68 1 0.76 1
26700 0.258202247191011 0.73 1 0.69 1 0.73 1
26704 0.26318154583583 0.74 1 0.72 1 0.74 1
27208 0.157269920611585 0.72 1 0.71 1 0.72 1
26885 0.218486144690348 0.76 1 0.73 1 0.76 1
26252 0.300396160292549 0.73 1 0.7 1 0.74 1
26142 0.318453064034886 0.73 1 0.71 1 0.73 1
26196 0.304626660558864 0.75 1 0.72 1 0.75 1
27024 0.187870041444642 0.76 1 0.73 1 0.76 1
25593 0.377407884968546 0.79 1 0.72 1 0.79 1
25674 0.360130871698995 0.77 1 0.73 1 0.76 1
26816 0.230235680190931 0.72 1 0.67 1 0.72 1
26738 0.244520906574912 0.72 1 0.69 1 0.72 1
24778 0.442489305028654 0.78 1 0.73 1 0.78 1
27147 0.15397649832394 0.66 1 0.61 1 0.67 1
25273 0.396549677521466 0.87 1 0.81 1 0.87 1
25842 0.354229548796533 0.72 1 0.69 1 0.72 1
26570 0.265299209634927 0.71 1 0.67 1 0.71 1
26466 0.278999471019421 0.81 1 0.75 1 0.81 1
27169 0.168427251647098 0.67 1 0.62 1 0.67 1
26663 0.262086036830064 0.71 1 0.69 0.999966555183947 0.7 1
25721 0.3531744488939 0.8 1 0.77 1 0.8 1
26570 0.269439217162213 0.79 1 0.76 1 0.79 1
26786 0.218957664451579 0.78 1 0.72 1 0.78 1
26431 0.285952101698763 0.76 1 0.69 1 0.76 1
26762 0.229840819071818 0.76 1 0.67 1 0.76 1
26019 0.338944617394981 0.8 1 0.76 1 0.8 1
25946 0.341015956216758 0.77 1 0.73 1 0.77 1
26790 0.236020903322135 0.74 1 0.73 1 0.74 1
26876 0.214168775115345 0.74 1 0.71 1 0.75 1
27017 0.206092460302772 0.67 1 0.63 0.999966555183947 0.67 1
26989 0.199599836970618 0.69 1 0.67 0.999966555183947 0.69 1
26463 0.284774968824396 0.74 1 0.71 1 0.74 1
24732 0.44598091541323 0.77 1 0.7 1 0.77 1
26310 0.299277841125048 0.74 1 0.67 1 0.73 1
26431 0.282925352805418 0.8 1 0.76 1 0.79 1
26636 0.254054662862292 0.75 1 0.71 1 0.76 1
25249 0.400847558319141 0.79 1 0.77 1 0.79 1
26305 0.29321421782931 0.8 1 0.77 1 0.79 1
26114 0.323274871716321 0.81 1 0.77 1 0.81 1
27193 0.164086345750745 0.75 1 0.72 1 0.75 1
26660 0.258627156789197 0.75 1 0.7 1 0.75 1
26284 0.303682848881449 0.72 1 0.68 1 0.72 1
25947 0.344394342313177 0.83 1 0.77 1 0.82 1
26576 0.263470800722456 0.8 1 0.71 1 0.8 1
26699 0.24809917974456 0.76 1 0.72 1 0.76 1
25193 0.411900130988767 0.72 1 0.67 1 0.71 1
26630 0.24333458505445 0.71 0.999966555183947 0.66 1 0.71 1
27059 0.197050888798551 0.66 0.999966555183947 0.65 0.999966555183947 0.66 0.999966555183947
26127 0.324223982852987 0.74 1 0.7 1 0.74 1
26821 0.228813243354088 0.78 0.999966555183947 0.76 1 0.78 0.999966555183947
26266 0.299817254245032 0.75 1 0.72 0.999966555183947 0.75 1
27172 0.157956720153099 0.66 1 0.64 1 0.66 1
25444 0.390779751611382 0.76 1 0.72 1 0.76 1
26961 0.202403471681317 0.76 1 0.68 0.999966555183947 0.76 1
27294 0.120429398402579 0.58 1 0.57 1 0.58 1
26974 0.188996811744643 0.7 1 0.66 1 0.7 1
26307 0.306154255521344 0.72 1 0.69 1 0.73 1
26166 0.322326683482382 0.69 1 0.66 1 0.69 1
26587 0.272426373791703 0.76 1 0.72 1 0.76 1
25651 0.367198159915793 0.79 1 0.77 1 0.79 1
26640 0.251463963963964 0.72 1 0.67 1 0.72 1
26573 0.269822752417868 0.75 1 0.71 1 0.75 1
26403 0.29848880808999 0.75 1 0.7 1 0.74 1
26436 0.273036768043577 0.81 1 0.75 1 0.82 1
26402 0.282251344595106 0.78 1 0.75 1 0.78 1
25944 0.341504779525131 0.77 1 0.7 1 0.77 1
26745 0.239147504206394 0.73 1 0.7 1 0.73 1
24566 0.4542049987788 0.77 1 0.72 1 0.77 1
25608 0.390151515151515 0.85 1 0.76 1 0.85 1
27235 0.145988617587663 0.65 1 0.62 1 0.65 1
27170 0.182186234817814 0.75 1 0.71 1 0.76 1
26931 0.209498347629126 0.78 1 0.73 1 0.78 1
26379 0.282459532203647 0.75 1 0.71 1 0.75 1
26867 0.214798823835933 0.81 1 0.72 1 0.8 1
26691 0.252819302386572 0.73 1 0.71 1 0.73 1
25544 0.371515815847166 0.75 1 0.68 1 0.74 1
27088 0.145045776727702 0.69 1 0.66 1 0.69 1
26084 0.33073915043705 0.67 1 0.67 1 0.67 1
27060 0.189209164818921 0.68 1 0.63 1 0.68 1
26647 0.263069013397381 0.76 1 0.71 1 0.76 1
26929 0.192023469122507 0.76 1 0.7 1 0.76 1
26578 0.263149973662428 0.8 0.999966555183947 0.78 0.999966555183947 0.8 0.999966555183947
26399 0.291601954619493 0.8 1 0.74 1 0.8 1
26967 0.20636333296251 0.75 1 0.72 1 0.75 1
27119 0.166082820162985 0.73 1 0.7 1 0.73 1
26458 0.286491798321869 0.73 1 0.69 1 0.74 1
25614 0.387483407511517 0.73 1 0.64 1 0.72 1
24546 0.462152692903121 0.83 1 0.74 1 0.83 1
26731 0.25094459616176 0.7 1 0.67 1 0.71 1
26488 0.271972213832679 0.79 1 0.76 1 0.79 1
26765 0.24453577433215 0.7 1 0.68 1 0.7 1
24378 0.462466158011322 0.84 1 0.69 1 0.84 1
26671 0.253121367777736 0.73 1 0.69 1 0.73 1
26247 0.314397835943155 0.78 0.999966555183947 0.69 0.999966555183947 0.77 0.999966555183947
24418 0.469776394463101 0.82 1 0.75 1 0.82 1
23344 0.529472241261138 0.75 1 0.71 1 0.74 1
25951 0.351200339100613 0.76 1 0.75 1 0.76 1
26554 0.267153724485953 0.74 1 0.71 1 0.74 1
24616 0.453566785830354 0.87 1 0.79 1 0.86 1
24932 0.41789667896679 0.77 1 0.7 1 0.77 1
24983 0.416243045270784 0.78 1 0.76 1 0.78 1
26657 0.239861949956859 0.75 1 0.7 0.999966555183947 0.74 1
26343 0.299168659605967 0.76 1 0.69 1 0.75 1
26790 0.223404255319149 0.74 1 0.73 1 0.74 1
26422 0.287866172129286 0.79 1 0.76 1 0.79 1
25810 0.359356838434715 0.8 1 0.69 1 0.79 1
26673 0.251902673115135 0.76 1 0.74 1 0.76 1
27079 0.185789726356217 0.71 1 0.68 1 0.7 1
26177 0.316537418344348 0.8 1 0.72 1 0.81 1
23635 0.498667230801777 0.86 1 0.76 1 0.86 1
26870 0.218012653516933 0.75 1 0.7 1 0.75 1
26436 0.280261764260856 0.82 0.999966555183947 0.75 1 0.82 0.999966555183947
24249 0.476926883582828 0.84 1 0.77 0.999966555183947 0.84 1
26108 0.318446453194423 0.83 1 0.78 1 0.83 1
25937 0.34502833789567 0.75 0.999966555183947 0.71 1 0.75 0.999966555183947
27004 0.180491778995704 0.7 1 0.66 1 0.7 1
27059 0.172548874681252 0.69 1 0.67 1 0.69 1
27070 0.174695234577023 0.7 1 0.69 1 0.7 1
26694 0.24960665318049 0.71 1 0.68 1 0.71 1
25736 0.365519117189929 0.78 1 0.74 1 0.78 1
25490 0.38752451941938 0.81 1 0.71 1 0.81 1
26206 0.306151263069526 0.69 0.999966555183947 0.65 1 0.68 0.999966555183947
26802 0.213379598537423 0.64 1 0.63 1 0.65 1
25089 0.419426840448005 0.75 1 0.71 1 0.75 1
23063 0.54121319862984 0.79 1 0.69 0.999966555183947 0.8 0.999966555183947
24460 0.45977105478332 0.75 1 0.73 1 0.75 1
25563 0.375347181473223 0.78 1 0.71 1 0.78 1
26354 0.288343325491387 0.73 1 0.7 1 0.72 1
26849 0.220268911318857 0.77 1 0.71 1 0.76 1
26683 0.26009069444965 0.78 1 0.73 1 0.79 1
26986 0.189172163343956 0.76 1 0.7 1 0.76 1
26195 0.311777056690208 0.77 1 0.74 1 0.77 1
26594 0.265699029856359 0.71 0.999966555183947 0.68 1 0.71 0.999966555183947
25097 0.424154281388214 0.77 1 0.73 1 0.77 1
23327 0.537445878166931 0.82 1 0.74 1 0.81 1
25669 0.361915150570727 0.76 1 0.69 1 0.76 1
26100 0.324521072796935 0.73 1 0.68 1 0.73 1
26898 0.214476912781619 0.75 1 0.72 1 0.75 1
26296 0.312557042896258 0.78 1 0.74 1 0.78 1
27121 0.165664982854615 0.72 1 0.69 1 0.72 1
24705 0.439829993928355 0.83 1 0.77 1 0.83 1
24277 0.469580261152531 0.8 1 0.73 1 0.79 1
23590 0.506782534972446 0.79 1 0.75 1 0.79 1
25375 0.395073891625616 0.78 1 0.68 1 0.78 1
25488 0.379511927181419 0.8 1 0.74 1 0.8 0.999966555183947
24322 0.469821560726914 0.86 1 0.78 1 0.85 1
25576 0.384813888020019 0.79 1 0.74 1 0.78 1
26233 0.305226241756566 0.79 1 0.72 1 0.79 1
26545 0.269730646072707 0.73 0.999966555183947 0.69 1 0.73 1
26279 0.302522927052019 0.76 1 0.72 1 0.76 1
26828 0.226591620694796 0.71 1 0.68 1 0.71 1
25464 0.392946905435124 0.75 1 0.72 1 0.75 1
24675 0.447335359675785 0.84 1 0.75 1 0.83 1
26823 0.217089810983112 0.73 1 0.7 1 0.73 1
25543 0.38969580707043 0.86 1 0.79 1 0.86 1
24663 0.447958480314641 0.83 1 0.77 1 0.82 1
26028 0.333871215613954 0.79 1 0.78 1 0.79 1
27047 0.194291418641624 0.77 1 0.75 1 0.77 1
25376 0.388792559899117 0.75 1 0.72 1 0.75 1
26263 0.309903666755512 0.79 1 0.75 1 0.79 1
25983 0.348612554362468 0.81 1 0.73 1 0.81 1
26897 0.221623229356434 0.73 1 0.7 1 0.73 1
24454 0.466999263924102 0.78 1 0.7 1 0.78 1
26959 0.195444934901146 0.73 0.999966555183947 0.7 0.999966555183947 0.73 0.999966555183947
26750 0.242953271028037 0.74 1 0.7 1 0.74 1
25518 0.383415628184027 0.81 1 0.75 1 0.82 1
26822 0.211244500782939 0.73 1 0.66 1 0.73 1
26920 0.194539375928678 0.75 1 0.7 1 0.75 1
25149 0.414966797884608 0.74 1 0.71 1 0.74 1
26634 0.25137042877525 0.72 0.999966555183947 0.67 1 0.72 0.999966555183947
27144 0.164087827880931 0.7 1 0.7 1 0.7 1
25151 0.415092839250924 0.77 0.999966555183947 0.72 1 0.77 0.999966555183947
27111 0.171111357013758 0.7 1 0.66 1 0.69 1
25241 0.413414682461075 0.79 1 0.73 1 0.79 1
23991 0.488641573923555 0.83 1 0.76 1 0.84 1
26280 0.313736681887367 0.77 1 0.71 1 0.76 1
25895 0.341031087082448 0.75 1 0.71 1 0.75 1
27091 0.179727584806762 0.68 1 0.66 1 0.67 1
26838 0.202585885684477 0.68 1 0.65 1 0.68 1
26505 0.265459347292964 0.74 1 0.73 1 0.74 1
27063 0.191922551084507 0.63 1 0.61 1 0.63 1
25108 0.422136370877808 0.77 1 0.72 1 0.76 1
25631 0.379228278256798 0.81 1 0.73 1 0.82 1
26281 0.302461854571744 0.74 1 0.68 0.999966555183947 0.74 1
26797 0.239429786916446 0.74 0.999966555183947 0.7 1 0.74 0.999966555183947
24765 0.438441348677569 0.85 1 0.79 1 0.84 1
26366 0.30023515133126 0.75 1 0.69 1 0.75 1
26972 0.195461960551683 0.73 1 0.69 1 0.73 1
24893 0.439440806652473 0.77 1 0.73 1 0.76 1
24847 0.435143075622812 0.77 1 0.73 1 0.77 1
26172 0.303759743237047 0.75 1 0.71 1 0.75 1
26517 0.276275596786967 0.85 1 0.8 1 0.85 1
26254 0.307724537213377 0.79 1 0.71 1 0.79 1
26719 0.258767169429994 0.72 0.999966555183947 0.71 0.999966555183947 0.72 0.999966555183947
25015 0.423106136318209 0.8 1 0.75 1 0.8 1
26923 0.207814879471084 0.73 1 0.71 1 0.74 1
24606 0.455051613427619 0.8 1 0.76 0.999966555183947 0.8 1
25117 0.412071505354939 0.72 1 0.68 1 0.72 1
27219 0.140012491274477 0.68 1 0.65 1 0.68 1
26445 0.290338438268104 0.81 1 0.8 1 0.81 1
25080 0.421730462519936 0.82 1 0.76 1 0.82 1
26699 0.259710101501929 0.72 1 0.69 1 0.72 1
25766 0.355119149266475 0.78 1 0.73 1 0.78 1
26081 0.329166826425367 0.77 1 0.73 1 0.77 1
25915 0.340652131969902 0.8 1 0.73 1 0.8 1
27312 0.127709431751611 0.66 1 0.6 1 0.66 1
26080 0.334509202453988 0.74 1 0.69 1 0.74 1
26233 0.308657035032211 0.74 1 0.7 0.999966555183947 0.73 1
26311 0.310820569343621 0.79 1 0.74 1 0.78 1
26151 0.312875224656801 0.76 1 0.73 1 0.76 1
25377 0.387161603026362 0.77 1 0.72 1 0.77 1
25938 0.347328244274809 0.88 1 0.81 1 0.88 1
27063 0.195839337841333 0.74 1 0.7 1 0.74 1
25569 0.373499159138019 0.76 1 0.73 1 0.75 1
26902 0.21990930042376 0.77 1 0.75 1 0.77 1
25901 0.353499864870082 0.78 1 0.73 1 0.78 1
26120 0.329019908116386 0.75 1 0.72 1 0.76 1
25218 0.407288444761678 0.74 1 0.68 1 0.74 1
26997 0.19879986665185 0.71 1 0.67 1 0.71 1
26573 0.264516614608813 0.73 1 0.69 1 0.73 1
26778 0.23343789678094 0.74 1 0.74 1 0.75 1
25764 0.348160223567769 0.83 1 0.76 1 0.84 1
26501 0.277348024602845 0.74 1 0.67 1 0.73 1
25532 0.384380385398715 0.73 1 0.71 1 0.73 1
26242 0.304359423824404 0.77 1 0.73 1 0.77 1
25817 0.346903203315645 0.76 1 0.72 0.999966555183947 0.76 1
26812 0.242316873041922 0.66 1 0.65 1 0.66 1
26930 0.202413665057557 0.7 1 0.69 1 0.7 1
26901 0.191331177279655 0.68 1 0.66 1 0.68 1
25589 0.379928875688773 0.8 1 0.73 1 0.8 1
26167 0.309359116444377 0.72 1 0.64 1 0.72 1
25068 0.41941917983086 0.72 1 0.68 1 0.73 1
26981 0.211519217226937 0.73 1 0.68 1 0.72 1
25615 0.364864337302362 0.78 1 0.7 1 0.78 1
24618 0.462425867251605 0.79 1 0.69 1 0.78 1
26520 0.274547511312217 0.74 1 0.74 1 0.74 1
26450 0.284574669187146 0.71 1 0.64 1 0.71 1
26087 0.327787787020355 0.79 1 0.71 1 0.79 1
26354 0.309099187979054 0.75 1 0.7 1 0.75 1
26421 0.286325271564286 0.77 1 0.72 1 0.77 1
27344 0.105873317729666 0.6 1 0.58 1 0.6 1
26739 0.239163768278544 0.73 1 0.68 1 0.72 1
26998 0.188495444106971 0.79 1 0.76 1 0.79 1
26504 0.285466344702686 0.74 1 0.71 1 0.74 1
22531 0.558474990013759 0.81 1 0.73 1 0.8 1
26281 0.308968456299228 0.75 1 0.69 0.999966555183947 0.75 1
26284 0.3099604322021 0.73 1 0.66 1 0.73 1
26693 0.245869703667628 0.73 1 0.7 1 0.73 1
26582 0.268640433375969 0.76 1 0.71 1 0.77 1
25738 0.355932861916233 0.79 1 0.74 1 0.78 1
26662 0.254219488410472 0.77 1 0.73 1 0.77 1
26240 0.310137195121951 0.83 1 0.75 1 0.83 1
25818 0.346192578820978 0.76 1 0.75 1 0.76 1
26667 0.247009412382345 0.74 1 0.68 1 0.74 1
26807 0.220725929794457 0.72 1 0.71 1 0.72 1
25424 0.381647262429201 0.85 1 0.79 1 0.85 1
26509 0.257572899769889 0.74 1 0.69 1 0.74 1
26357 0.301589710513336 0.75 1 0.74 1 0.75 1
26748 0.241289068341558 0.74 1 0.68 1 0.75 1
26167 0.307295448465625 0.74 1 0.65 1 0.74 1
25841 0.35877094539685 0.72 1 0.7 1 0.72 1
27336 0.108428446005268 0.64 1 0.62 1 0.64 1
26799 0.232769879473115 0.69 1 0.67 1 0.69 1
26687 0.245213025068385 0.74 1 0.69 1 0.75 1
26337 0.302540152636975 0.75 1 0.71 1 0.75 1
24782 0.440037123718828 0.8 1 0.73 1 0.8 0.999966555183947
26822 0.218962046081575 0.71 1 0.67 1 0.71 1
24555 0.453879047037263 0.76 0.999966555183947 0.72 1 0.76 1
25351 0.393396710188947 0.83 1 0.76 1 0.82 1
25667 0.356605758366774 0.74 1 0.71 1 0.75 1
26038 0.33585528842461 0.74 1 0.7 1 0.74 1
26574 0.270753367953639 0.78 1 0.75 1 0.78 1
26897 0.20946573967357 0.73 1 0.7 1 0.72 1
25836 0.356866387985756 0.8 1 0.74 1 0.79 1
26508 0.279425079221367 0.75 1 0.75 1 0.75 1
26436 0.285708881827811 0.82 1 0.76 1 0.82 1
26196 0.314590013742556 0.76 1 0.72 1 0.76 1
24955 0.419995992787017 0.79 1 0.76 1 0.78 1
26975 0.201186283595922 0.75 0.999966555183947 0.73 1 0.75 0.999966555183947
26929 0.192394815997623 0.73 1 0.71 1 0.73 1
25060 0.41999201915403 0.78 1 0.73 1 0.78 1
25035 0.428879568603954 0.81 1 0.77 1 0.8 1
27028 0.175225691875092 0.71 1 0.65 1 0.72 1
27107 0.172944257940753 0.74 1 0.73 1 0.74 1
22967 0.546479731789089 0.82 1 0.76 0.999966555183947 0.82 1
25816 0.365625968391695 0.83 1 0.78 1 0.83 1
26173 0.320482940434799 0.78 1 0.73 1 0.78 1
25977 0.331947492012165 0.71 0.999966555183947 0.65 0.999966555183947 0.71 0.999966555183947
27043 0.168805236105462 0.65 1 0.63 1 0.65 1
26544 0.266425557564798 0.77 1 0.72 1 0.77 1
27106 0.178226222976463 0.7 1 0.69 1 0.7 1
26510 0.266616371180687 0.75 1 0.74 1 0.75 1
26804 0.225526040889419 0.67 0.999966555183947 0.65 1 0.67 0.999966555183947
27151 0.139221391477294 0.65 1 0.62 1 0.65 1
26702 0.25365141187926 0.73 1 0.69 1 0.73 1
26134 0.325897298538303 0.74 1 0.7 1 0.75 1
27126 0.165339526653395 0.69 1 0.68 1 0.69 1
26361 0.300481772315163 0.72 1 0.68 1 0.72 1
25345 0.386861313868613 0.82 0.999966555183947 0.74 1 0.8 0.999966555183947
26476 0.270811300800725 0.74 1 0.72 1 0.74 1
24443 0.465286585116393 0.79 1 0.71 1 0.77 1
26482 0.275658938146666 0.73 1 0.73 1 0.73 1
27150 0.149723756906077 0.68 1 0.68 1 0.68 1
24933 0.420767657321622 0.79 1 0.75 1 0.79 1
26737 0.237386393387441 0.68 1 0.66 1 0.68 1
26134 0.314877171500727 0.81 1 0.75 1 0.81 1
26717 0.241793614552532 0.77 1 0.73 1 0.77 1
26598 0.270433867208061 0.78 1 0.69 1 0.78 1
22968 0.550069662138628 0.77 1 0.71 1 0.77 1
27045 0.185246810870771 0.66 1 0.65 1 0.67 1
24717 0.441194319698993 0.78 1 0.71 1 0.77 1
26550 0.270809792843691 0.8 1 0.76 1 0.8 1
27159 0.162745314628668 0.7 1 0.63 1 0.7 1
24443 0.459599885447776 0.84 1 0.75 1 0.84 1
24214 0.481663500454283 0.82 1 0.75 1 0.81 1
26729 0.243480863481612 0.68 1 0.65 1 0.68 1
26975 0.195069508804449 0.71 1 0.68 1 0.71 1
26901 0.230474703542619 0.77 1 0.73 1 0.77 1
26926 0.20359503825299 0.7 1 0.66 1 0.7 1
25489 0.38914826003374 0.75 1 0.7 1 0.76 1
26557 0.262266069209625 0.77 1 0.72 1 0.77 1
26133 0.322848505720736 0.74 0.999966555183947 0.69 0.999966555183947 0.74 0.999966555183947
26065 0.330251294839824 0.79 1 0.77 1 0.79 1
26087 0.323609460650899 0.78 1 0.76 1 0.78 1
25059 0.421884352927092 0.77 1 0.71 1 0.76 1
27129 0.17022374580707 0.69 1 0.64 1 0.69 1
26048 0.326742936117936 0.75 1 0.71 1 0.74 1
26207 0.308696149883619 0.75 1 0.71 1 0.75 1
25458 0.387461701626208 0.74 1 0.71 1 0.74 1
25514 0.385239476365917 0.77 1 0.74 1 0.77 1
26324 0.285328977359064 0.79 1 0.71 1 0.78 1
26772 0.247422680412371 0.76 1 0.71 1 0.76 1
26604 0.252292888287476 0.78 1 0.72 1 0.76 1
26513 0.269867612114812 0.75 1 0.69 1 0.75 1
25507 0.386834986474301 0.76 0.999966555183947 0.72 1 0.75 0.999966555183947
23215 0.534955847512384 0.79 1 0.68 1 0.79 1
25975 0.352069297401347 0.76 0.999966555183947 0.72 1 0.76 0.999966555183947
26969 0.206051392339353 0.77 1 0.68 1 0.77 1
24758 0.44199854592455 0.78 1 0.68 1 0.77 1
27183 0.142294816613324 0.61 1 0.6 0.999966555183947 0.62 1
26640 0.26753003003003 0.71 1 0.72 1 0.71 1
26840 0.214418777943368 0.71 1 0.65 1 0.71 1
26644 0.249437021468248 0.76 1 0.72 1 0.77 1
26275 0.29686013320647 0.77 1 0.7 1 0.76 1
26085 0.338163695610504 0.8 1 0.73 1 0.8 1
26189 0.318148841116499 0.73 1 0.71 1 0.73 1
26045 0.333614897293146 0.81 1 0.75 1 0.81 1
26342 0.290638524030066 0.72 1 0.66 1 0.7 1
26905 0.19973982531128 0.75 1 0.72 1 0.75 1
27006 0.19310523587351 0.73 1 0.69 1 0.72 1
27011 0.186627670208434 0.76 1 0.68 1 0.75 1
26079 0.32156140956325 0.74 1 0.71 1 0.74 1
26469 0.256790963013336 0.74 1 0.72 1 0.74 1
26370 0.293780811528252 0.78 1 0.72 1 0.77 1
26592 0.264402827918171 0.72 1 0.66 1 0.72 1
26258 0.299642013862442 0.72 1 0.69 1 0.72 1
26297 0.304597482602578 0.78 1 0.73 1 0.78 1
25255 0.401979805979014 0.78 1 0.69 1 0.78 1
26588 0.246201293816759 0.76 1 0.74 1 0.76 1
26802 0.234982463995224 0.68 1 0.68 1 0.68 1
27151 0.156347832492358 0.66 1 0.61 1 0.66 1
26550 0.262448210922787 0.73 1 0.7 1 0.73 1
26332 0.298610056205378 0.8 1 0.75 1 0.8 1
27142 0.142730823078624 0.68 1 0.64 1 0.68 1
26080 0.337193251533742 0.72 1 0.67 1 0.72 1
25850 0.343056092843327 0.81 1 0.75 1 0.81 1
25791 0.355899344732659 0.8 1 0.75 1 0.8 1
26229 0.306149681650082 0.79 1 0.76 1 0.81 1
26138 0.33158619634249 0.75 1 0.72 1 0.75 1
26542 0.280348127496044 0.75 1 0.73 1 0.74 1
26548 0.271583546783185 0.77 1 0.74 1 0.77 1
26252 0.305919548986744 0.77 1 0.73 1 0.77 1
26381 0.267692657594481 0.8 1 0.74 1 0.8 1
26235 0.30146750524109 0.73 1 0.67 1 0.73 1
26250 0.307428571428571 0.78 1 0.72 1 0.77 1
25191 0.412726767496328 0.78 1 0.73 1 0.78 1
23284 0.531266105480158 0.77 1 0.68 1 0.77 1
26642 0.250206440957886 0.73 1 0.68 1 0.73 1
25551 0.388243121599937 0.73 1 0.66 1 0.72 1
26384 0.292753183747726 0.79 1 0.74 1 0.81 1
26313 0.297077490213963 0.77 1 0.73 1 0.77 1
26656 0.250675270108043 0.75 1 0.7 1 0.76 1
26642 0.249868628481345 0.74 1 0.69 1 0.74 1
26285 0.319345634392239 0.86 1 0.75 1 0.85 1
25418 0.395074356755055 0.81 1 0.75 1 0.81 1
26509 0.275302727375608 0.8 1 0.75 0.999966555183947 0.8 1
26183 0.30298285146851 0.77 1 0.71 1 0.77 1
26578 0.26615998193995 0.74 1 0.67 1 0.74 1
27038 0.1826688364524 0.66 0.999966555183947 0.62 1 0.66 0.999966555183947
26534 0.277229215346348 0.72 1 0.67 1 0.72 1
25093 0.427250627665086 0.8 1 0.71 1 0.8 1
26962 0.197500185446184 0.7 1 0.69 1 0.7 1
26641 0.256897263616231 0.77 1 0.74 1 0.77 1
25159 0.418697086529671 0.75 1 0.71 1 0.75 1
26509 0.271454977554793 0.75 1 0.72 1 0.75 1
26658 0.248443244054318 0.77 1 0.74 0.999966555183947 0.77 1
25931 0.331340866144769 0.74 1 0.71 1 0.74 1
25669 0.368343137636838 0.8 1 0.73 1 0.79 1
26486 0.278675526693347 0.74 1 0.71 1 0.74 1
26169 0.30918262065803 0.76 1 0.73 1 0.76 1
26716 0.242364126366222 0.72 1 0.71 1 0.72 1
27209 0.148149509353523 0.68 1 0.66 1 0.68 1
25485 0.387561310574848 0.77 1 0.73 1 0.77 1
26255 0.305351361645401 0.73 1 0.69 1 0.72 1
26354 0.294528344843288 0.78 1 0.75 1 0.77 1
26545 0.267244302128461 0.7 0.999966555183947 0.67 1 0.7 0.999966555183947
25856 0.350556930693069 0.71 1 0.62 1 0.7 1
26916 0.201775895378214 0.76 1 0.7 1 0.76 1
25741 0.363078357484169 0.75 1 0.72 1 0.75 1
25233 0.420718899853367 0.77 1 0.75 1 0.77 1
25485 0.39211300765156 0.76 1 0.73 1 0.76 1
26789 0.223935197282467 0.73 1 0.66 1 0.73 1
26576 0.266180012040939 0.71 1 0.65 1 0.69 1
26005 0.328629109786579 0.81 1 0.74 1 0.79 1
25959 0.348626680534689 0.83 1 0.72 1 0.83 1
26630 0.26199774690199 0.77 1 0.72 1 0.77 1
26001 0.338294680973809 0.8 1 0.77 1 0.8 1
27115 0.158215010141988 0.71 0.999966555183947 0.7 1 0.71 0.999966555183947
26350 0.284971537001898 0.72 1 0.68 1 0.71 1
25282 0.403686417213828 0.84 1 0.77 1 0.84 1
26871 0.217185813702505 0.75 1 0.71 1 0.75 1
26084 0.324221745131115 0.74 1 0.69 1 0.74 1
25254 0.413875029698266 0.79 1 0.69 1 0.79 1
25865 0.35426251691475 0.78 1 0.71 1 0.77 1
25809 0.355728621798597 0.79 1 0.72 1 0.79 1
25357 0.398509287376267 0.82 1 0.75 1 0.81 1
26068 0.331939542734387 0.75 1 0.7 1 0.75 1
26593 0.261346971007408 0.72 1 0.72 1 0.73 1
25022 0.420469986411957 0.74 1 0.71 1 0.75 1
26926 0.188665230632103 0.73 1 0.69 1 0.74 1
25417 0.400479993705001 0.8 1 0.75 1 0.8 1
27139 0.159327904491691 0.62 1 0.59 1 0.62 1
26481 0.273403572372645 0.79 1 0.73 1 0.79 1
26447 0.29247173592468 0.78 1 0.72 1 0.78 1
26689 0.232567724530706 0.72 1 0.66 1 0.72 1
25806 0.365845152290165 0.73 0.999966555183947 0.68 1 0.73 0.999966555183947
27349 0.0949943325167282 0.57 1 0.56 1 0.57 1
26585 0.266729358660899 0.74 1 0.71 1 0.74 1
25650 0.373060428849903 0.75 1 0.72 1 0.75 1
26054 0.338335764182083 0.82 1 0.77 1 0.82 1
26074 0.327912863388816 0.79 1 0.75 1 0.79 1
27327 0.1103670362645 0.62 1 0.58 1 0.62 1
25486 0.390645844777525 0.82 1 0.76 1 0.81 1
25621 0.365754654385075 0.78 1 0.7 1 0.77 0.999966555183947
26878 0.215641044720589 0.73 1 0.69 1 0.73 1
26895 0.200483361219558 0.72 1 0.68 1 0.72 1
26857 0.221692668578024 0.77 1 0.73 1 0.77 1
25650 0.367524366471735 0.69 1 0.67 1 0.68 1
26188 0.31102031464793 0.74 0.999966555183947 0.7 1 0.74 0.999966555183947
25550 0.371506849315068 0.79 1 0.71 1 0.79 1
25105 0.422505476996614 0.74 1 0.69 1 0.74 1
26827 0.228985723338428 0.76 1 0.73 1 0.76 1
26106 0.322033249061518 0.71 1 0.64 1 0.71 1
25807 0.364203510675398 0.79 1 0.73 1 0.79 1
26527 0.280732838240283 0.77 1 0.74 1 0.78 1
26015 0.326926773015568 0.77 1 0.73 1 0.77 1
26901 0.192780937511617 0.63 1 0.6 1 0.63 1
27049 0.185958815483012 0.72 1 0.69 1 0.72 1
25581 0.36058011805637 0.77 0.999966555183947 0.69 1 0.77 0.999966555183947
26199 0.316844154357037 0.79 1 0.75 1 0.79 1
26561 0.276194420390799 0.76 1 0.66 1 0.76 1
25366 0.3930458093511 0.79 1 0.76 1 0.79 1
26130 0.333945656333716 0.75 1 0.7 1 0.75 1
25961 0.329224606139979 0.8 1 0.76 1 0.8 1
24730 0.442215932066316 0.74 1 0.72 1 0.74 1
24182 0.485609130758415 0.85 1 0.74 1 0.85 1
25965 0.34577315617177 0.73 1 0.65 1 0.71 1
24162 0.485762767982783 0.84 1 0.72 1 0.83 1
25577 0.387613871837979 0.77 1 0.7 1 0.77 1
26109 0.330154352905129 0.82 1 0.78 1 0.82 1
25824 0.353547087980173 0.76 1 0.72 1 0.76 0.999966555183947
25104 0.421526449968133 0.79 1 0.74 1 0.78 1
26808 0.228924201730827 0.73 1 0.7 1 0.73 0.999966555183947
26016 0.341789667896679 0.85 1 0.74 1 0.85 1
25133 0.407710977599172 0.76 1 0.71 1 0.76 1
26827 0.222276065158236 0.73 1 0.69 1 0.73 1
26388 0.300970137941489 0.77 1 0.76 1 0.77 1
27019 0.188163884673748 0.67 1 0.63 1 0.67 1
26287 0.30246890097767 0.79 1 0.72 1 0.79 1
26915 0.219803083782278 0.74 1 0.72 1 0.74 1
27183 0.163742044660266 0.7 1 0.67 1 0.7 1
26954 0.201936632781776 0.72 1 0.7 1 0.72 1
27259 0.12953519938369 0.64 1 0.61 1 0.64 1
26192 0.318761453879047 0.76 1 0.7 1 0.76 1
26996 0.207215883834642 0.7 1 0.66 1 0.7 1
27078 0.173941945490804 0.71 1 0.65 1 0.71 1
27333 0.114842863937365 0.6 1 0.57 1 0.6 1
26712 0.242288110212639 0.69 1 0.66 1 0.69 1
27006 0.197474635266237 0.73 1 0.66 1 0.72 1
25359 0.396072400331243 0.81 1 0.76 1 0.81 1
26669 0.251640481457872 0.72 1 0.69 1 0.72 1
27023 0.17892165932724 0.71 1 0.67 1 0.71 1
26870 0.224488276888723 0.75 1 0.7 1 0.75 1
26494 0.256699630104929 0.79 1 0.74 1 0.79 1
26483 0.267228033077824 0.79 1 0.75 1 0.79 1
24580 0.457038242473556 0.78 1 0.74 1 0.78 1
27011 0.185887231128059 0.66 1 0.63 1 0.66 1
25188 0.40618548515166 0.83 1 0.77 1 0.83 1
24437 0.466014649916111 0.79 1 0.73 1 0.79 1
26436 0.28022393705553 0.74 1 0.7 1 0.74 1
26019 0.345055536338829 0.77 1 0.74 1 0.77 1
25944 0.325778600061671 0.79 1 0.76 1 0.79 1
25271 0.398797040085473 0.77 1 0.71 1 0.77 1
25884 0.348168752897543 0.75 1 0.68 1 0.75 1
26857 0.226607588338236 0.74 1 0.7 1 0.75 1
26356 0.289535589619062 0.73 1 0.71 1 0.73 1
26586 0.269013766644098 0.73 0.999966555183947 0.7 1 0.74 0.999966555183947
26329 0.296820995860078 0.77 1 0.74 1 0.78 1
26170 0.310508215513947 0.75 1 0.71 1 0.75 1
25211 0.416921185196938 0.78 1 0.72 1 0.77 1
26569 0.270954872219504 0.76 1 0.7 1 0.77 1
26492 0.301977955609241 0.74 1 0.7 1 0.74 1
27168 0.157832744405183 0.74 1 0.69 1 0.74 1
25929 0.332176327664006 0.74 1 0.71 1 0.74 1
25090 0.41143882024711 0.81 1 0.75 1 0.81 1
23799 0.500777343585865 0.72 1 0.65 1 0.72 1
26904 0.205545643770443 0.75 1 0.69 1 0.75 1
25391 0.396282147217518 0.78 1 0.72 1 0.78 1
26086 0.317564977382504 0.79 1 0.78 1 0.79 1
26340 0.305504935459377 0.77 1 0.71 1 0.76 1
25332 0.405771356387178 0.77 1 0.71 1 0.77 1
26963 0.199866483699885 0.7 1 0.67 1 0.69 1
26207 0.329644751402297 0.76 1 0.73 1 0.76 1
25676 0.374435270291323 0.77 1 0.71 1 0.77 1
26710 0.253538000748783 0.76 1 0.73 1 0.76 1
24865 0.430685702795093 0.75 1 0.73 1 0.74 1
27136 0.161188089622642 0.65 1 0.61 1 0.64 1
24955 0.435183329993989 0.75 1 0.71 1 0.75 1
25210 0.41126537088457 0.78 1 0.71 1 0.77 1
25828 0.356396159207062 0.74 1 0.71 1 0.75 1
27032 0.169280852323173 0.66 1 0.62 1 0.66 1
24326 0.473526268190414 0.77 1 0.7 1 0.77 1
26819 0.22032887132257 0.75 1 0.73 1 0.75 1
25676 0.372877395232902 0.76 1 0.71 1 0.77 1
25736 0.358797015853279 0.78 1 0.74 1 0.78 1
26100 0.329731800766284 0.75 0.999966555183947 0.72 0.999966555183947 0.75 0.999966555183947
26299 0.305677021939998 0.79 1 0.74 1 0.79 1
26281 0.292759027434268 0.74 1 0.72 1 0.74 1
24241 0.473660327544243 0.72 1 0.68 1 0.72 1
25288 0.388840556785827 0.8 1 0.77 1 0.8 1
27258 0.141793235013574 0.65 1 0.62 1 0.66 1
25303 0.40967474212544 0.77 1 0.71 1 0.77 1
25031 0.430506172346291 0.84 1 0.77 1 0.83 1
23256 0.526186790505676 0.85 1 0.77 1 0.85 1
26905 0.224344917301617 0.78 0.999966555183947 0.74 1 0.78 0.999966555183947
26297 0.302848233638818 0.8 1 0.79 1 0.8 1
23928 0.491850551654965 0.83 1 0.78 1 0.82 1
25362 0.39866729753174 0.82 1 0.74 1 0.82 1
26873 0.221300189781565 0.68 1 0.64 0.999966555183947 0.68 1
26699 0.240346080377542 0.74 1 0.68 0.999966555183947 0.74 1
25143 0.414787415980591 0.81 1 0.75 1 0.81 1
25422 0.38301471166706 0.81 1 0.77 1 0.81 1
27161 0.159861566216266 0.65 1 0.6 1 0.65 1
26939 0.196555180221983 0.73 1 0.73 1 0.73 1
26087 0.325257791237015 0.76 1 0.73 0.999966555183947 0.76 1
26283 0.301107179545714 0.72 1 0.71 1 0.73 1
25743 0.37081925183545 0.81 1 0.78 1 0.81 1
26381 0.294264811796369 0.72 1 0.68 1 0.72 1
25355 0.392506408992309 0.82 1 0.75 0.999966555183947 0.82 1
25558 0.382306909773848 0.76 1 0.7 1 0.76 1
26568 0.260313158687142 0.76 1 0.72 1 0.75 1
23556 0.504032942774665 0.81 1 0.74 1 0.81 1
26386 0.279504282574092 0.72 1 0.7 1 0.72 1
24952 0.425577108047451 0.81 1 0.75 1 0.81 0.999966555183947
26709 0.247819087199071 0.77 1 0.71 1 0.78 1
26379 0.306228439288828 0.74 1 0.71 1 0.74 1
26589 0.256685095340178 0.75 0.999966555183947 0.73 1 0.75 0.999966555183947
26050 0.326564299424184 0.79 1 0.77 1 0.79 1
24537 0.449484452052003 0.79 1 0.74 1 0.79 1
26908 0.210829493087558 0.68 1 0.66 1 0.68 1
26167 0.322887606527305 0.75 1 0.69 1 0.75 1
26910 0.221850613154961 0.71 1 0.68 1 0.71 1
25851 0.349116088352482 0.82 1 0.77 1 0.82 1
25120 0.411146496815287 0.79 1 0.74 1 0.79 1
25857 0.341880341880342 0.74 1 0.68 1 0.74 1
27200 0.147683823529412 0.69 1 0.66 1 0.69 1
25853 0.341507755386222 0.81 1 0.74 1 0.81 1
24631 0.446794689618773 0.78 1 0.73 1 0.78 1
25658 0.360472367292852 0.81 1 0.74 1 0.81 1
26259 0.305723751856506 0.75 1 0.69 1 0.74 1
24505 0.456682309732708 0.73 0.999966555183947 0.7 1 0.73 1
26770 0.229211804258498 0.79 1 0.71 1 0.79 1
26821 0.229074232877223 0.77 1 0.75 1 0.77 1
24443 0.463404655729657 0.76 1 0.68 1 0.76 1
25419 0.391950902867933 0.79 1 0.73 1 0.79 1
26769 0.226642758414584 0.68 1 0.64 0.999966555183947 0.68 1
26694 0.251629579680827 0.71 1 0.68 1 0.71 1
27175 0.128095676172953 0.63 1 0.62 1 0.63 1
25680 0.370366043613707 0.81 1 0.77 1 0.82 1
26718 0.248484167976645 0.77 1 0.72 1 0.77 1
25758 0.353715350570696 0.78 1 0.73 1 0.78 1
26679 0.257131076876944 0.73 1 0.66 1 0.73 1
26470 0.29202871174915 0.79 1 0.75 1 0.79 1
23491 0.513302967093781 0.78 1 0.71 1 0.78 1
26597 0.263037184644885 0.71 1 0.69 1 0.71 1
25052 0.420884560114961 0.83 1 0.75 1 0.83 1
27305 0.124958798754807 0.56 1 0.55 1 0.56 1
26776 0.239617567971318 0.79 1 0.71 1 0.79 1
23495 0.507384549904235 0.8 1 0.74 1 0.8 1
26979 0.214463100930353 0.69 1 0.69 1 0.69 1
25137 0.426343636869953 0.78 1 0.73 1 0.78 1
26252 0.303862562852354 0.76 1 0.74 1 0.76 1
26642 0.270174911793409 0.75 1 0.7 1 0.75 1
23565 0.510715043496711 0.75 1 0.71 1 0.77 1
26507 0.276228920662467 0.73 1 0.71 1 0.73 1
26208 0.314636752136752 0.74 1 0.73 0.999966555183947 0.74 1
25713 0.367479485085365 0.85 1 0.8 1 0.84 1
25118 0.422366430448284 0.79 1 0.72 1 0.79 1
27310 0.136470157451483 0.69 1 0.66 1 0.69 1
26785 0.239126376703379 0.74 1 0.68 1 0.74 1
24175 0.490341261633919 0.83 1 0.76 1 0.83 1
26720 0.240755988023952 0.77 0.999966555183947 0.68 1 0.77 0.999966555183947
26909 0.223419673715114 0.74 0.999966555183947 0.71 1 0.74 0.999966555183947
27042 0.195954441239553 0.71 1 0.68 1 0.71 1
24609 0.444593441423869 0.79 1 0.74 0.999966555183947 0.8 1
25598 0.368700679740605 0.83 1 0.73 1 0.83 1
25954 0.347114124990368 0.76 1 0.7 1 0.76 1
26170 0.307374856706152 0.8 1 0.78 1 0.8 1
27207 0.163266806336605 0.68 1 0.63 1 0.68 1
25934 0.336276702398396 0.72 1 0.68 1 0.73 1
25577 0.379637955976072 0.77 0.999966555183947 0.71 1 0.77 0.999966555183947
25808 0.359229696218227 0.79 1 0.74 1 0.79 1
26095 0.327878904004599 0.73 1 0.69 1 0.73 1
26080 0.329716257668712 0.72 1 0.67 1 0.72 1
26537 0.270942457700569 0.73 1 0.7 1 0.73 1
26546 0.258080313418217 0.73 1 0.7 1 0.73 1
26445 0.296502174324069 0.78 1 0.74 1 0.78 1
26077 0.331748283928366 0.76 1 0.71 1 0.76 1
26250 0.315695238095238 0.81 1 0.79 1 0.81 1
26254 0.308372057591224 0.78 0.999966555183947 0.73 1 0.78 0.999966555183947
24965 0.428600040056078 0.85 1 0.75 1 0.83 1
26385 0.286715937085465 0.75 1 0.73 1 0.75 1
26303 0.310040679770368 0.75 1 0.71 1 0.75 1
25540 0.378778386844166 0.76 1 0.73 1 0.76 1
26719 0.244956772334294 0.65 1 0.62 1 0.65 1
26248 0.30284212130448 0.77 1 0.75 1 0.77 1
26397 0.28866916695079 0.8 1 0.77 1 0.8 1
25196 0.414272106683601 0.79 1 0.76 1 0.79 1
27150 0.181252302025783 0.71 1 0.68 1 0.71 1
25202 0.40361876041584 0.75 0.999966555183947 0.73 1 0.75 0.999966555183947
26939 0.207654330153309 0.7 1 0.67 1 0.7 1
26861 0.220431108298276 0.74 1 0.69 1 0.74 1
25031 0.422875634213575 0.84 1 0.77 1 0.84 0.999966555183947
26120 0.326186830015314 0.78 1 0.74 1 0.78 1
26732 0.247942540775101 0.77 1 0.72 1 0.77 1
27206 0.117547599794163 0.6 1 0.6 0.999966555183947 0.59 1
25932 0.345326237852846 0.76 1 0.72 1 0.77 1
26326 0.299627744435159 0.83 1 0.76 1 0.83 1
26455 0.282668682668683 0.75 1 0.68 1 0.75 1
26622 0.236082938922696 0.78 1 0.75 1 0.78 1
26584 0.260532651218778 0.76 1 0.71 1 0.77 1
27045 0.17274912183398 0.66 1 0.62 1 0.66 1
27449 0.0910779991985136 0.54 1 0.54 1 0.54 1
26760 0.23075485799701 0.75 1 0.7 1 0.75 1
26795 0.231237171114014 0.75 1 0.72 1 0.75 1
25704 0.358504512916278 0.76 1 0.69 1 0.77 1
26690 0.245297864368677 0.71 1 0.7 1 0.71 1
27074 0.170901972372017 0.7 1 0.64 1 0.7 1
26460 0.275396825396825 0.71 1 0.66 1 0.71 1
25793 0.367308959795293 0.8 1 0.72 1 0.8 1
26369 0.288141378133414 0.73 1 0.7 1 0.72 1
25829 0.337759882302838 0.77 1 0.76 1 0.76 1
26794 0.236321564529372 0.7 1 0.65 1 0.7 1
25189 0.412719838024535 0.73 1 0.66 1 0.73 1
25454 0.391844110945235 0.8 1 0.76 1 0.79 1
26405 0.292596099223632 0.77 1 0.75 1 0.78 1
26694 0.260882595339777 0.77 1 0.72 1 0.77 1
23969 0.491509866911427 0.79 1 0.75 1 0.79 1
25396 0.394117183808474 0.76 1 0.69 1 0.78 1
27080 0.166875923190547 0.76 1 0.7 1 0.76 1
26833 0.221108336749525 0.75 1 0.72 1 0.74 1
25388 0.394044430439578 0.82 1 0.77 1 0.82 1
26219 0.306190167435829 0.78 1 0.72 1 0.78 1
26095 0.329335121670818 0.8 1 0.74 1 0.8 1
27146 0.172032712001768 0.69 1 0.66 1 0.69 1
26610 0.253814355505449 0.72 1 0.7 1 0.72 1
26443 0.297091857958628 0.72 1 0.67 1 0.71 1
25196 0.401968566439117 0.81 1 0.74 1 0.81 1
22873 0.554671446683863 0.78 1 0.72 0.999966555183947 0.78 0.999966555183947
26480 0.286555891238671 0.76 1 0.71 1 0.76 1
26497 0.270483450956712 0.72 1 0.68 1 0.71 1
27028 0.184882344235608 0.7 1 0.68 1 0.7 1
25857 0.351896971806474 0.76 1 0.71 1 0.76 1
25832 0.341746670795912 0.79 1 0.75 1 0.79 1
26028 0.352197633317965 0.78 1 0.71 1 0.78 1
26532 0.266018392884065 0.78 1 0.77 1 0.79 1
25804 0.356572624399318 0.81 1 0.74 1 0.81 1
24646 0.443682544834862 0.83 1 0.73 1 0.81 1
26572 0.27156405238597 0.79 1 0.68 1 0.79 1
26421 0.280155936565611 0.76 1 0.71 1 0.76 1
26882 0.223048880291645 0.76 1 0.72 1 0.77 1
24778 0.448421987246751 0.82 1 0.75 1 0.81 1
25928 0.345495217525455 0.79 1 0.79 1 0.79 1
27195 0.126751241036955 0.63 1 0.59 1 0.63 1
26249 0.31715493923578 0.78 1 0.73 1 0.77 1
26206 0.309776387086927 0.72 1 0.69 1 0.73 1
25621 0.351742711057336 0.76 1 0.71 1 0.76 1
26949 0.208542060929905 0.69 1 0.66 1 0.69 1
24377 0.459613570168602 0.82 1 0.76 1 0.81 1
26255 0.309921919634355 0.79 1 0.68 1 0.79 1
26783 0.217003323003398 0.68 1 0.67 1 0.68 1
26860 0.210908413998511 0.78 1 0.74 1 0.78 1
26709 0.239731925568161 0.7 1 0.69 1 0.69 1
26914 0.224121275172773 0.73 1 0.7 1 0.72 1
24410 0.456780008193363 0.78 1 0.72 1 0.78 1
26370 0.288282138794084 0.71 1 0.68 1 0.71 1
27196 0.161494337402559 0.58 1 0.57 1 0.58 1
26878 0.216050301361708 0.71 1 0.67 1 0.71 1
26496 0.280570652173913 0.78 1 0.71 1 0.78 1
25395 0.397912974995078 0.7 1 0.68 1 0.7 1
26982 0.196167815580758 0.68 1 0.66 1 0.68 1
26003 0.333846094681383 0.73 1 0.7 1 0.73 1
26751 0.232028709207132 0.77 1 0.74 1 0.77 1
25369 0.396941148645985 0.79 1 0.75 1 0.79 1
27021 0.202805225565301 0.72 1 0.69 1 0.72 1
26056 0.322459318391157 0.78 1 0.75 0.999966555183947 0.78 1
25567 0.370634020416944 0.79 1 0.74 1 0.79 1
26116 0.320608056363915 0.77 1 0.73 1 0.78 1
26960 0.190689910979228 0.72 1 0.66 1 0.72 1
25652 0.384024637455169 0.77 1 0.74 1 0.77 1
27165 0.162856616970366 0.65 1 0.64 1 0.65 1
26679 0.255331908992091 0.78 1 0.75 1 0.78 1
25870 0.35539234634712 0.74 1 0.71 0.999966555183947 0.74 1
27283 0.130704101455119 0.62 1 0.6 1 0.62 1
25945 0.349624205049142 0.78 1 0.74 1 0.78 1
25927 0.340108766922513 0.75 1 0.73 1 0.74 1
26530 0.263927629099133 0.76 1 0.71 1 0.76 1
27178 0.142762528515711 0.64 1 0.63 1 0.64 1
26660 0.254651162790698 0.67 1 0.65 1 0.67 1
26186 0.317688841365615 0.72 1 0.68 1 0.72 1
23482 0.517886040371348 0.83 1 0.72 1 0.83 1
26487 0.292181069958848 0.74 1 0.71 0.999966555183947 0.74 1
26876 0.2342610507516 0.75 1 0.72 1 0.75 1
27252 0.139659474533979 0.69 1 0.64 1 0.69 1
24266 0.473625649056293 0.83 1 0.77 1 0.83 1
25839 0.358102093734278 0.82 1 0.8 1 0.82 1
27038 0.197092980250018 0.76 1 0.69 1 0.76 1
26192 0.318150580329872 0.67 1 0.65 1 0.67 1
25604 0.376777066083424 0.82 1 0.76 1 0.82 1
26834 0.207758813445629 0.74 1 0.72 1 0.74 1
23841 0.494861792710037 0.83 1 0.75 1 0.82 1
25018 0.423974738188504 0.78 1 0.71 1 0.78 1
26079 0.322021549906055 0.73 1 0.7 1 0.73 1
26202 0.324593542477673 0.74 0.999966555183947 0.67 1 0.75 1
26439 0.280872952834827 0.75 1 0.73 1 0.76 1
25151 0.418313387141664 0.8 1 0.73 1 0.8 1
26792 0.233875783816064 0.73 1 0.7 1 0.73 1
26838 0.21875698636262 0.76 1 0.74 1 0.76 1
26541 0.271805885234166 0.78 1 0.71 1 0.78 1
27430 0.106926722566533 0.59 1 0.57 1 0.59 1
27348 0.111744917361416 0.6 1 0.59 1 0.6 1
25642 0.382848451758833 0.78 1 0.72 1 0.77 1
25275 0.389436201780415 0.75 1 0.7 1 0.75 1
26456 0.273964318113093 0.78 1 0.76 1 0.79 1
27170 0.158078763341921 0.7 1 0.68 1 0.7 1
26044 0.333205344801106 0.76 1 0.72 1 0.76 1
26769 0.240016436923307 0.74 1 0.73 1 0.74 1
26639 0.250309696309922 0.71 1 0.71 1 0.71 1
26267 0.304564662884989 0.75 0.999966555183947 0.72 1 0.75 0.999966555183947
25218 0.408676342295186 0.68 1 0.65 1 0.68 1
25972 0.335977206222085 0.74 1 0.71 1 0.74 1
24958 0.428279509576088 0.8 1 0.72 1 0.8 1
27012 0.197875018510292 0.74 1 0.69 1 0.74 1
26132 0.320679626511557 0.79 1 0.74 1 0.78 1
26509 0.29623901316534 0.72 1 0.69 1 0.72 1
26386 0.298794815432426 0.72 1 0.68 1 0.72 1
25300 0.406126482213439 0.78 1 0.74 1 0.78 1
26274 0.310649311106036 0.71 1 0.69 1 0.71 1
26436 0.274776819488576 0.79 1 0.7 1 0.79 1
26518 0.266083415038842 0.76 1 0.73 1 0.76 1
24787 0.424254649614717 0.82 1 0.8 1 0.82 1
26601 0.267809480846585 0.74 1 0.72 1 0.74 1
26490 0.279577198942997 0.74 1 0.71 1 0.74 1
27025 0.182386679000925 0.7 1 0.69 1 0.7 1
25069 0.433523475208425 0.84 0.999966555183947 0.73 1 0.84 0.999966555183947
25990 0.325625240477107 0.75 1 0.69 1 0.75 1
25858 0.343298012220589 0.8 1 0.76 1 0.8 1
22638 0.555040197897341 0.85 1 0.77 1 0.84 1
26791 0.232652756522713 0.74 1 0.69 1 0.74 1
25836 0.35887908344945 0.77 1 0.71 1 0.79 1
26460 0.283219954648526 0.79 1 0.72 1 0.79 1
26118 0.323187074048549 0.75 1 0.68 1 0.76 1
26208 0.315552503052503 0.8 1 0.73 0.999966555183947 0.8 1
26729 0.249242395899585 0.73 1 0.73 1 0.73 1
26221 0.310667022615461 0.78 1 0.74 1 0.78 1
23186 0.533425342879324 0.75 1 0.71 1 0.75 0.999966555183947
26232 0.310879841415066 0.77 1 0.75 1 0.77 1
26333 0.293320168609729 0.79 1 0.74 1 0.79 1
26034 0.338672505185527 0.75 1 0.71 1 0.75 1
27254 0.157371395024584 0.68 1 0.64 0.999966555183947 0.68 1
25497 0.388437855433973 0.78 1 0.77 1 0.8 1
23766 0.504628460826391 0.76 1 0.73 1 0.77 1
26143 0.322533756646139 0.74 1 0.7 1 0.73 1
26480 0.272583081570997 0.71 1 0.67 1 0.71 1
26856 0.221514745308311 0.72 1 0.69 1 0.72 1
25523 0.384515926811112 0.81 1 0.75 1 0.8 1
27061 0.177561804811352 0.67 1 0.63 1 0.67 1
26257 0.315572990059794 0.74 0.999966555183947 0.7 1 0.74 0.999966555183947
27278 0.129334995234255 0.65 1 0.62 1 0.65 1
27210 0.151635428151415 0.67 1 0.68 1 0.67 1
26375 0.286104265402844 0.74 1 0.7 1 0.74 1
26171 0.319705017003554 0.82 1 0.79 1 0.82 1
27082 0.172328483863821 0.75 1 0.73 1 0.75 1
25040 0.42444089456869 0.79 1 0.73 0.999966555183947 0.79 1
25666 0.370996649263617 0.77 1 0.72 1 0.75 1
25909 0.3447836659076 0.77 1 0.77 1 0.77 1
24509 0.458688644987556 0.75 0.999933110367893 0.7 1 0.75 0.999933110367893
26728 0.24311583358276 0.76 1 0.73 1 0.76 1
26250 0.304419047619048 0.8 1 0.75 1 0.8 1
26588 0.262524447119001 0.74 1 0.7 1 0.74 1
24775 0.439112008072654 0.81 1 0.73 1 0.81 1
26693 0.242310718165811 0.75 1 0.72 1 0.75 1
25991 0.341041129621792 0.75 1 0.68 0.999966555183947 0.75 1
25525 0.375122428991185 0.79 1 0.7 1 0.79 1
27141 0.170885376367857 0.68 1 0.63 0.999966555183947 0.68 1
25374 0.399148734925514 0.81 1 0.72 1 0.81 1
26197 0.31263121731496 0.75 1 0.74 1 0.75 1
25476 0.378120584079133 0.79 1 0.75 1 0.79 1
25560 0.385093896713615 0.88 1 0.79 1 0.88 1
25227 0.397233123240972 0.8 1 0.73 1 0.8 1
26360 0.300910470409712 0.74 1 0.71 1 0.74 1
26236 0.312623875590791 0.75 1 0.71 1 0.75 1
26226 0.309425760695493 0.7 1 0.68 1 0.7 1
26896 0.223787923854848 0.7 1 0.65 1 0.7 1
25883 0.342000540895569 0.8 1 0.72 1 0.8 1
26645 0.250290861324826 0.74 1 0.72 1 0.74 1
26862 0.226900454173181 0.75 1 0.72 1 0.75 1
24855 0.433635083484208 0.83 1 0.79 1 0.83 1
23338 0.517825006427286 0.85 1 0.76 1 0.85 1
26760 0.238303437967115 0.74 1 0.74 1 0.74 1
26337 0.295743630633709 0.75 1 0.72 1 0.75 1
27376 0.108087375803624 0.53 1 0.54 1 0.53 1
26652 0.2509755365451 0.77 1 0.74 1 0.77 1
26602 0.253702729118111 0.8 1 0.78 1 0.8 1
26845 0.222164276401565 0.73 1 0.72 1 0.73 1
25543 0.383784207023451 0.75 1 0.67 1 0.75 1
26843 0.216033975338077 0.69 0.999933110367893 0.65 1 0.69 0.999933110367893
27300 0.120769230769231 0.58 1 0.57 1 0.58 1
26606 0.269563256408329 0.78 1 0.75 1 0.78 1
25856 0.359800433168317 0.78 1 0.76 1 0.78 1
26134 0.321879543889186 0.75 1 0.72 1 0.75 1
25834 0.361113261593249 0.73 1 0.7 1 0.73 1
26875 0.223702325581395 0.72 1 0.68 1 0.72 1
27132 0.170278637770898 0.75 1 0.69 1 0.75 1
26375 0.29975355450237 0.77 1 0.73 1 0.77 1
25607 0.379154137540516 0.76 1 0.74 1 0.76 1
27069 0.193246887583583 0.73 1 0.67 1 0.72 1
26037 0.330260782732266 0.81 1 0.75 1 0.81 1
26773 0.243827736899115 0.7 1 0.64 1 0.7 1
27066 0.158981748318924 0.66 1 0.64 1 0.66 1
27244 0.137534870063133 0.66 1 0.64 1 0.66 1
26118 0.323837966153611 0.78 1 0.73 1 0.78 1
26671 0.252521465261895 0.77 1 0.71 1 0.77 1
27096 0.178107469737231 0.68 1 0.66 1 0.69 1
26967 0.198650202098862 0.78 1 0.75 1 0.78 1
26829 0.222035856722204 0.7 1 0.68 1 0.7 1
26336 0.303235115431349 0.78 1 0.73 1 0.78 1
25453 0.388559305386398 0.82 1 0.75 1 0.81 1
26689 0.241710067818202 0.72 1 0.67 1 0.72 1
26718 0.238715472715024 0.78 1 0.74 1 0.78 1
26353 0.295146662619057 0.74 0.999966555183947 0.73 0.999966555183947 0.74 0.999966555183947
25098 0.413618615029086 0.75 1 0.71 1 0.75 1
25104 0.415909815168897 0.8 1 0.75 1 0.8 1
27229 0.151970325755628 0.67 1 0.6 1 0.67 1
26066 0.333346121384179 0.73 1 0.65 1 0.73 1
26955 0.196401409757002 0.72 1 0.68 1 0.72 1
27173 0.145033673131417 0.67 1 0.66 1 0.67 1
27439 0.0869565217391304 0.57 1 0.53 1 0.57 1
26716 0.243823925737386 0.76 1 0.69 1 0.76 1
24563 0.450189309123478 0.76 1 0.7 1 0.75 1
26639 0.248657982657007 0.74 1 0.69 1 0.74 1
26620 0.249173553719008 0.73 1 0.69 1 0.73 1
